#time,new_clusters_asked,new_clusters_created,clusters_total,volume_grow,volume_total,volume_totale_perc
0,64,64,64,64,64,0.000512
1,0,0,64,1112,1176,0.009408
2,0,0,64,3652,4828,0.038624
3,0,0,64,5433,10261,0.082088
4,0,0,64,10495,20756,0.166048
5,0,0,64,14761,35517,0.284136
6,0,0,64,15337,50854,0.406832
7,0,0,64,16038,66892,0.535136
8,0,0,64,14958,81850,0.654800
9,0,0,64,14773,96623,0.772984
10,0,0,64,9478,106101,0.848808
11,0,0,64,6598,112699,0.901592
12,0,0,64,4559,117258,0.938064
