#time,new_clusters_asked,new_clusters_created,clusters_total,volume_grow,volume_total,volume_totale_perc
0,64,64,64,64,64,0.000512
1,0,0,64,1112,1176,0.009408
2,0,0,64,3640,4816,0.038528
3,0,0,64,5402,10218,0.081744
4,0,0,64,10360,20578,0.164624
5,0,0,64,14470,35048,0.280384
6,0,0,64,15056,50104,0.400832
7,0,0,64,15737,65841,0.526728
8,0,0,64,14583,80424,0.643392
9,0,0,64,14522,94946,0.759568
10,0,0,64,9934,104880,0.839040
11,0,0,64,7074,111954,0.895632
12,0,0,64,4813,116767,0.934136
