#time,new_clusters_asked,new_clusters_created,clusters_total,volume_grow,volume_total,volume_totale_perc
0,4,4,4,4,4,0.001600
1,4,4,8,36,40,0.016000
2,4,4,12,81,121,0.048400
3,4,4,16,130,251,0.100400
4,4,4,20,217,468,0.187200
5,4,3,23,235,703,0.281200
6,4,4,27,287,990,0.396000
7,4,4,31,293,1283,0.513200
8,4,3,34,306,1589,0.635600
9,4,2,36,296,1885,0.754000
10,4,1,37,245,2130,0.852000
11,4,1,38,203,2333,0.933200
