#time,new_clusters_asked,new_clusters_created,clusters_total,volume_grow,volume_total,volume_totale_perc
0,4,4,4,4,4,0.001600
1,4,4,8,36,40,0.016000
2,4,4,12,81,121,0.048400
3,4,4,16,140,261,0.104400
4,4,3,19,246,507,0.202800
5,4,3,22,295,802,0.320800
6,4,4,26,350,1152,0.460800
7,4,3,29,353,1505,0.602000
8,4,2,31,331,1836,0.734400
9,4,0,31,252,2088,0.835200
10,4,0,31,167,2255,0.902000
11,4,2,33,95,2350,0.940000
