#time,new_clusters_asked,new_clusters_created,clusters_total,volume_grow,volume_total,volume_totale_perc
0,50,50,50,50,50,0.000003
1,0,0,50,3361,3411,0.000203
2,0,0,50,53088,56499,0.003368
3,0,0,50,317464,373963,0.022290
4,0,0,50,1027943,1401906,0.083560
5,0,0,50,2188196,3590102,0.213987
6,0,0,50,3452101,7042203,0.419748
7,0,0,50,3943269,10985472,0.654785
8,0,0,50,2949595,13935067,0.830595
9,0,0,50,1664736,15599803,0.929821
