#time,new_clusters_asked,new_clusters_created,clusters_total,volume_grow,volume_total,volume_totale_perc
0,3,3,3,3,3,0.000000
1,3,3,6,33,36,0.000002
2,3,3,9,63,99,0.000006
3,3,3,12,93,192,0.000012
4,3,3,15,123,315,0.000020
5,3,3,18,153,468,0.000029
6,3,3,21,183,651,0.000041
7,3,3,24,213,864,0.000054
8,3,3,27,243,1107,0.000069
9,3,3,30,273,1380,0.000086
10,3,3,33,303,1683,0.000105
11,3,3,36,333,2016,0.000126
12,3,3,39,363,2379,0.000149
13,3,3,42,393,2772,0.000173
14,3,3,45,423,3195,0.000200
15,3,3,48,453,3648,0.000228
16,3,3,51,483,4131,0.000258
17,3,3,54,513,4644,0.000290
18,3,3,57,543,5187,0.000324
19,3,3,60,573,5760,0.000360
20,3,3,63,603,6363,0.000398
21,3,3,66,633,6996,0.000437
22,3,3,69,663,7659,0.000479
23,3,3,72,693,8352,0.000522
24,3,3,75,723,9075,0.000567
25,3,3,78,753,9828,0.000614
26,3,3,81,783,10611,0.000663
27,3,3,84,813,11424,0.000714
28,3,3,87,843,12267,0.000767
29,3,3,90,873,13140,0.000821
30,3,3,93,903,14043,0.000878
31,3,3,96,933,14976,0.000936
32,3,3,99,963,15939,0.000996
33,3,3,102,993,16932,0.001058
34,3,3,105,1023,17955,0.001122
35,3,3,108,1053,19008,0.001188
36,3,3,111,1083,20091,0.001256
37,3,3,114,1113,21204,0.001325
38,3,3,117,1143,22347,0.001397
39,3,3,120,1173,23520,0.001470
40,3,3,123,1203,24723,0.001545
41,3,3,126,1233,25956,0.001622
42,3,3,129,1263,27219,0.001701
43,3,3,132,1293,28512,0.001782
44,3,3,135,1323,29835,0.001865
45,3,3,138,1353,31188,0.001949
46,3,3,141,1383,32571,0.002036
47,3,3,144,1413,33984,0.002124
48,3,3,147,1443,35427,0.002214
49,3,3,150,1473,36900,0.002306
50,3,3,153,1503,38403,0.002400
51,3,3,156,1533,39936,0.002496
52,3,3,159,1563,41499,0.002594
53,3,3,162,1593,43092,0.002693
54,3,3,165,1623,44715,0.002795
55,3,3,168,1653,46368,0.002898
56,3,3,171,1683,48051,0.003003
57,3,3,174,1713,49764,0.003110
58,3,3,177,1743,51507,0.003219
59,3,3,180,1773,53280,0.003330
60,3,3,183,1803,55083,0.003443
61,3,3,186,1833,56916,0.003557
62,3,3,189,1863,58779,0.003674
63,3,3,192,1893,60672,0.003792
64,3,3,195,1923,62595,0.003912
65,3,3,198,1953,64548,0.004034
66,3,3,201,1983,66531,0.004158
67,3,3,204,2013,68544,0.004284
68,3,3,207,2043,70587,0.004412
69,3,3,210,2073,72660,0.004541
70,3,3,213,2103,74763,0.004673
71,3,3,216,2133,76896,0.004806
72,3,3,219,2163,79059,0.004941
73,3,3,222,2193,81252,0.005078
74,3,3,225,2223,83475,0.005217
75,3,3,228,2253,85728,0.005358
76,3,3,231,2283,88011,0.005501
77,3,3,234,2313,90324,0.005645
78,3,3,237,2343,92667,0.005792
79,3,3,240,2373,95040,0.005940
80,3,3,243,2403,97443,0.006090
81,3,3,246,2433,99876,0.006242
82,3,3,249,2463,102339,0.006396
83,3,3,252,2493,104832,0.006552
84,3,3,255,2523,107355,0.006710
85,3,3,258,2553,109908,0.006869
86,3,3,261,2583,112491,0.007031
87,3,3,264,2613,115104,0.007194
88,3,3,267,2643,117747,0.007359
89,3,3,270,2673,120420,0.007526
90,3,3,273,2703,123123,0.007695
91,3,3,276,2733,125856,0.007866
92,3,3,279,2763,128619,0.008039
93,3,3,282,2793,131412,0.008213
94,3,3,285,2823,134235,0.008390
95,3,3,288,2853,137088,0.008568
96,3,3,291,2883,139971,0.008748
97,3,3,294,2913,142884,0.008930
98,3,3,297,2943,145827,0.009114
99,3,3,300,2973,148800,0.009300
100,3,3,303,3003,151803,0.009488
101,3,3,306,3033,154836,0.009677
102,3,3,309,3063,157899,0.009869
103,3,3,312,3093,160992,0.010062
104,3,3,315,3123,164115,0.010257
105,3,3,318,3153,167268,0.010454
106,3,3,321,3179,170447,0.010653
107,3,3,324,3203,173650,0.010853
108,3,3,327,3233,176883,0.011055
109,3,3,330,3263,180146,0.011259
110,3,2,332,3292,183438,0.011465
111,3,3,335,3313,186751,0.011672
112,3,3,338,3343,190094,0.011881
113,3,3,341,3373,193467,0.012092
114,3,3,344,3403,196870,0.012304
115,3,3,347,3433,200303,0.012519
116,3,3,350,3463,203766,0.012735
117,3,3,353,3493,207259,0.012954
118,3,3,356,3523,210782,0.013174
119,3,3,359,3553,214335,0.013396
120,3,3,362,3583,217918,0.013620
121,3,3,365,3613,221531,0.013846
122,3,3,368,3643,225174,0.014073
123,3,2,370,3672,228846,0.014303
124,3,3,373,3693,232539,0.014534
125,3,3,376,3723,236262,0.014766
126,3,3,379,3753,240015,0.015001
127,3,3,382,3783,243798,0.015237
128,3,3,385,3804,247602,0.015475
129,3,3,388,3833,251435,0.015715
130,3,3,391,3863,255298,0.015956
131,3,3,394,3893,259191,0.016199
132,3,3,397,3923,263114,0.016445
133,3,3,400,3953,267067,0.016692
134,3,3,403,3983,271050,0.016941
135,3,3,406,4013,275063,0.017191
136,3,3,409,4043,279106,0.017444
137,3,3,412,4073,283179,0.017699
138,3,3,415,4103,287282,0.017955
139,3,3,418,4126,291408,0.018213
140,3,3,421,4153,295561,0.018473
141,3,3,424,4183,299744,0.018734
142,3,3,427,4213,303957,0.018997
143,3,3,430,4243,308200,0.019262
144,3,3,433,4270,312470,0.019529
145,3,3,436,4290,316760,0.019797
146,3,3,439,4311,321071,0.020067
147,3,3,442,4333,325404,0.020338
148,3,3,445,4363,329767,0.020610
149,3,3,448,4393,334160,0.020885
