#time,new_clusters_asked,new_clusters_created,clusters_total,volume_grow,volume_total,volume_totale_perc
0,50,50,50,50,50,0.000003
1,0,0,50,3144,3194,0.000190
2,0,0,50,47675,50869,0.003032
3,0,0,50,286970,337839,0.020137
4,0,0,50,950031,1287870,0.076763
5,0,0,50,2100419,3388289,0.201958
6,0,0,50,3518697,6906986,0.411688
7,0,0,50,4149109,11056095,0.658995
8,0,0,50,3114241,14170336,0.844618
9,0,0,50,1679233,15849569,0.944708
