#time,new_clusters_asked,new_clusters_created,clusters_total,volume_grow,volume_total,volume_totale_perc
0,50,50,50,50,50,0.000003
1,0,0,50,3199,3249,0.000194
2,0,0,50,49255,52504,0.003129
3,0,0,50,298095,350599,0.020897
4,0,0,50,1004141,1354740,0.080749
5,0,0,50,2247343,3602083,0.214701
6,0,0,50,3696378,7298461,0.435022
7,0,0,50,4178578,11477039,0.684085
8,0,0,50,2974289,14451328,0.861366
