#time,new_clusters_asked,new_clusters_created,clusters_total,volume_grow,volume_total,volume_totale_perc
0,50,50,50,50,50,0.000003
1,0,0,50,3244,3294,0.000196
2,0,0,50,49960,53254,0.003174
3,0,0,50,301985,355239,0.021174
4,0,0,50,995095,1350334,0.080486
5,0,0,50,2137658,3487992,0.207901
6,0,0,50,3358598,6846590,0.408089
7,0,0,50,3835892,10682482,0.636726
8,0,0,50,2937849,13620331,0.811835
9,0,0,50,1763228,15383559,0.916932
